9
8 4 2 0 0 7 0 8 0
82
35 60 53 40 37 48 26 18 33 25 78 73 56 70 72 12 69 5 8 61 39 67 71 74 23 3 77 38 78 3 56 33 63 28 75 18 78 19 38 31 46 36 23 20 25 15 32 14 20 40 77 61 25 69 55 51 74 52 9 70 55 66 21 38 14 15 56 10 34 15 41 81 51 66 21 78 0 54 11 22 14 6
32
26 27 9 5 30 8 28 28 11 10 24 14 4 9 16 22 13 19 6 30 17 26 30 17 14 0 10 3 0 21 11 26
84
24 27 74 80 80 39 72 46 47 62 27 16 50 53 33 62 55 60 67 30 74 4 20 66 59 11 14 0 50 57 8 75 40 39 71 36 78 15 39 81 33 66 53 40 75 2 18 47 62 41 33 8 45 53 74 60 65 45 16 31 18 25 62 58 20 6 51 14 61 6 51 11 28 20 51 19 62 25 22 81 66 55 5 67
85
67 2 42 51 39 40 19 70 22 6 20 15 66 62 6 19 30 6 75 45 48 23 38 42 10 69 17 9 24 25 59 48 69 58 14 23 13 33 9 77 82 29 7 63 49 14 40 79 20 30 40 26 10 35 68 21 19 1 30 0 68 46 49 52 19 63 75 32 54 41 25 51 71 32 29 77 3 26 28 24 57 25 7 67 60
77
52 18 24 35 2 32 61 69 3 17 52 47 1 3 20 36 47 16 17 62 17 7 38 44 75 3 65 65 48 45 2 23 61 27 57 61 59 39 53 63 55 27 33 54 28 51 13 76 68 28 61 6 35 20 50 31 22 39 17 68 5 20 14 66 45 69 49 27 30 25 11 8 50 42 62 2 17
97
9 6 96 96 85 24 9 24 39 36 82 92 82 18 76 39 96 5 10 57 81 94 9 70 43 15 31 71 86 22 21 95 28 52 94 48 76 7 72 18 74 57 44 60 9 54 33 8 90 43 0 9 41 40 79 18 86 44 24 76 67 76 74 29 31 6 77 10 44 52 60 21 43 38 15 52 93 48 92 20 26 26 29 67 66 42 19 55 87 74 65 88 54 74 20 85 80
76
49 64 67 60 41 69 44 3 72 21 74 46 61 63 7 18 3 31 30 15 0 65 8 14 9 47 74 38 68 11 10 57 15 18 41 73 11 9 16 23 31 14 10 16 18 17 50 21 65 20 36 65 9 61 19 34 48 18 13 40 45 39 21 1 57 2 74 8 12 14 32 59 28 42 15 46
23
22 18 18 16 13 13 22 19 20 3 11 6 22 10 11 7 14 8 17 12 11 8 11
25
7 3 1 23 17 21 24 5 8 0 20 15 1 11 5 19 18 11 10 13 10 17 24 23 0
